3 1
2 4 4
1 6 6
3 12 12

3 2
2 4 4
1 6 6
3 12 12

3 3
2 4 4
1 6 6
3 12 12

3 4
2 4 4
1 6 6
3 12 12

3 5
2 4 4
1 6 6
3 12 12

3 6
2 4 4
1 6 6
3 12 12

3 7
2 4 4
1 6 6
3 12 12

3 8
2 4 4
1 6 6
3 12 12

3 9
2 4 4
1 6 6
3 12 12

3 10
2 4 4
1 6 6
3 12 12

3 11
2 4 4
1 6 6
3 12 12

3 12
2 4 4
1 6 6
3 12 12

3 13
2 4 4
1 6 6
3 12 12

3 14
2 4 4
1 6 6
3 12 12

3 15
2 4 4
1 6 6
3 12 12

3 16
2 4 4
1 6 6
3 12 12

3 17
2 4 4
1 6 6
3 12 12

3 18
2 4 4
1 6 6
3 12 12

3 1
2 10 10
4 15 15
10 35 35

3 2
2 10 10
4 15 15
10 35 35

3 3
2 10 10
4 15 15
10 35 35

3 4
2 10 10
4 15 15
10 35 35

3 5
2 10 10
4 15 15
10 35 35

3 6
2 10 10
4 15 15
10 35 35

3 7
2 10 10
4 15 15
10 35 35

3 8
2 10 10
4 15 15
10 35 35

3 9
2 10 10
4 15 15
10 35 35

3 10
2 10 10
4 15 15
10 35 35

3 11
2 10 10
4 15 15
10 35 35

3 12
2 10 10
4 15 15
10 35 35

3 13
2 10 10
4 15 15
10 35 35

3 14
2 10 10
4 15 15
10 35 35

3 15
2 10 10
4 15 15
10 35 35

3 16
2 10 10
4 15 15
10 35 35

3 17
2 10 10
4 15 15
10 35 35

3 18
2 10 10
4 15 15
10 35 35

3 19
2 10 10
4 15 15
10 35 35

3 20
2 10 10
4 15 15
10 35 35

3 21
2 10 10
4 15 15
10 35 35

3 22
2 10 10
4 15 15
10 35 35

3 23
2 10 10
4 15 15
10 35 35

3 24
2 10 10
4 15 15
10 35 35

3 25
2 10 10
4 15 15
10 35 35

3 26
2 10 10
4 15 15
10 35 35

3 27
2 10 10
4 15 15
10 35 35

3 28
2 10 10
4 15 15
10 35 35

3 29
2 10 10
4 15 15
10 35 35

3 30
2 10 10
4 15 15
10 35 35

3 31
2 10 10
4 15 15
10 35 35

3 32
2 10 10
4 15 15
10 35 35

3 33
2 10 10
4 15 15
10 35 35

3 34
2 10 10
4 15 15
10 35 35

3 35
2 10 10
4 15 15
10 35 35

3 36
2 10 10
4 15 15
10 35 35

3 37
2 10 10
4 15 15
10 35 35

3 38
2 10 10
4 15 15
10 35 35

3 39
2 10 10
4 15 15
10 35 35

3 40
2 10 10
4 15 15
10 35 35

2 1
2 4 4
5 10 10

2 2
2 4 4
5 10 10

2 3
2 4 4
5 10 10

2 4
2 4 4
5 10 10

2 5
2 4 4
5 10 10

2 6
2 4 4
5 10 10

2 7
2 4 4
5 10 10

2 8
2 4 4
5 10 10

2 9
2 4 4
5 10 10

2 10
2 4 4
5 10 10

2 11
2 4 4
5 10 10

2 12
2 4 4
5 10 10

2 13
2 4 4
5 10 10

2 14
2 4 4
5 10 10

2 15
2 4 4
5 10 10

2 16
2 4 4
5 10 10

2 17
2 4 4
5 10 10

2 18
2 4 4
5 10 10

2 19
2 4 4
5 10 10

2 20
2 4 4
5 10 10

2 21
2 4 4
5 10 10

2 22
2 4 4
5 10 10

2 23
2 4 4
5 10 10

2 24
2 4 4
5 10 10

2 25
2 4 4
5 10 10

2 26
2 4 4
5 10 10

2 27
2 4 4
5 10 10

2 28
2 4 4
5 10 10

2 29
2 4 4
5 10 10

2 30
2 4 4
5 10 10

0 0

