4 30
1 5 5
1 6 6
3 10 10
4 15 15

4 30
1 5 5
1 6 6
4 15 15
3 10 10

4 30
1 5 5
3 10 10
1 6 6
4 15 15

4 30
1 5 5
3 10 10
4 15 15
1 6 6

4 30
1 5 5
4 15 15
1 6 6
3 10 10

4 30
1 5 5
4 15 15
3 10 10
1 6 6

4 30
1 6 6
1 5 5
3 10 10
4 15 15

4 30
1 6 6
1 5 5
4 15 15
3 10 10

4 30
1 6 6
3 10 10
1 5 5
4 15 15

4 30
1 6 6
3 10 10
4 15 15
1 5 5

4 30
1 6 6
4 15 15
1 5 5
3 10 10

4 30
1 6 6
4 15 15
3 10 10
1 5 5

4 30
3 10 10
1 5 5
1 6 6
4 15 15

4 30
3 10 10
1 5 5
4 15 15
1 6 6

4 30
3 10 10
1 6 6
1 5 5
4 15 15

4 30
3 10 10
1 6 6
4 15 15
1 5 5

4 30
3 10 10
4 15 15
1 5 5
1 6 6

4 30
3 10 10
4 15 15
1 6 6
1 5 5

4 30
4 15 15
1 5 5
1 6 6
3 10 10

4 30
4 15 15
1 5 5
3 10 10
1 6 6

4 30
4 15 15
1 6 6
1 5 5
3 10 10

4 30
4 15 15
1 6 6
3 10 10
1 5 5

4 30
4 15 15
3 10 10
1 5 5
1 6 6

4 30
4 15 15
3 10 10
1 6 6
1 5 5

0 0


